Hashtag Basketball
Rankings
Schedule
Dynasty
Other
Premium
Support
Network
Login
NBA Defense vs Position
This page collects and calculates the average statistics allowed by each team by position based on 48 minutes of playing time.

Defenses are ranked from top to bottom. For fantasy purposes, the worse the defense the better.

This is not what an individual player will average, but rather what players playing the position have combined to average to help identify positions of weakness.

Last updated: 06 January 2026 by Joseph Mamone ( @josephmamone)

Access full projections and unlock our premium Yahoo, ESPN & Fantrax league tools with an active Patreon subscription for $2.50/mo 


Show data from the entire 2025-26 NBA Season (Updated daily)
Opponent defensive ranking
Top 50 Middle 50 Bottom 50
Summary by position
PG  	SG  	SF  	PF  	C  
Best Defense
Sort: Position	Sort: Team	Sort: PTS	Sort: FG%	Sort: FT%	Sort: 3PM	Sort: REB	Sort: AST	Sort: STL	Sort: BLK	Sort: TO
C	MEM   13	19.5   8	53.9   132	74.6   34	1.0   5	13.4   127	4.7   73	1.2   12	1.9   133	3.0   4
C	PHO   15	21.3   21	57.0   145	70.2   13	1.2   13	14.3   136	4.0   37	1.4   32	2.0   139	3.3   1
C	ORL   16	19.4   6	50.0   117	77.4   60	0.6   1	15.1   142	4.2   46	1.3   21	2.3   145	3.0   2
C	MIL   24	19.2   5	56.0   142	67.9   3	0.8   4	13.5   128	3.5   10	1.4   29	1.2   107	2.5   135
C	OKC   25	18.4   3	47.8   96	70.8   15	1.5   25	13.6   129	3.3   7	1.4   28	1.6   123	2.9   147
Worst Defense
Sort: Position	Sort: Team	Sort: PTS	Sort: FG%	Sort: FT%	Sort: 3PM	Sort: REB	Sort: AST	Sort: STL	Sort: BLK	Sort: TO
C	SAC   150	25.7   139	61.0   150	66.5   2	1.3   16	16.0   149	4.3   52	1.9   120	2.4   147	3.0   138
C	DAL   144	25.1   129	55.4   139	69.9   11	1.4   22	15.3   146	4.7   76	1.6   66	2.0   141	2.7   144
C	NO   138	24.3   116	56.4   143	75.0   35	1.2   15	15.4   148	4.8   77	1.2   13	2.2   144	2.6   137
C	WAS   133	23.9   100	55.3   138	69.2   8	1.6   28	16.1   150	4.3   53	1.4   33	3.1   149	2.6   150
C	CHA   124	24.1   108	54.7   136	71.6   21	2.4   56	12.0   121	4.7   70	1.4   34	1.6   125	2.5   108
Position data

All positions

All Teams
Sort: Position	Sort: Team	Sort: PTS	Sort: FG%	Sort: FT%	Sort: 3PM	Sort: REB	Sort: AST	Sort: STL	Sort: BLK	Sort: TO
PF	OKC   1	20.0   11	43.1   16	69.5   9	2.2   42	10.2   103	4.0   33	1.2   8	0.9   81	3.5   8
PG	OKC   2	21.7   35	40.6   1	72.4   23	3.3   130	6.2   24	7.1   121	1.7   77	0.4   6	4.1   38
SF	MIN   3	20.9   16	43.1   17	81.6   105	2.6   67	7.9   76	3.9   28	1.6   58	0.5   23	2.4   92
PF	GS   4	21.3   20	46.7   77	77.5   61	2.3   49	10.4   107	4.0   31	1.5   50	0.8   78	3.2   11
SF	NY   5	23.1   78	45.0   47	71.4   20	3.5   136	7.5   69	3.8   24	1.1   6	0.6   56	2.7   57
PF	HOU   6	19.5   7	46.2   69	68.5   6	2.1   39	7.9   75	3.4   9	1.6   59	1.2   103	2.0   128
SG	BOS   7	22.5   56	43.4   20	80.0   85	3.1   111	6.7   42	5.2   102	1.0   5	0.4   13	2.6   71
PG	BKN   8	21.7   34	42.3   9	82.2   112	2.7   69	5.8   11	8.7   140	1.9   110	0.4   8	3.1   15
SF	DET   9	21.8   37	44.3   33	81.1   99	2.2   48	7.4   64	3.9   27	1.9   121	0.8   75	3.2   10
PG	BOS   10	21.3   19	41.8   4	86.3   141	3.4   132	5.5   5	8.7   138	1.3   17	0.5   20	3.2   39
PG	HOU   11	22.2   44	43.0   14	75.9   42	3.1   110	5.7   9	7.7   127	1.9   111	0.5   30	3.7   30
PG	DET   12	22.5   55	42.8   13	78.6   70	2.6   66	5.8   10	7.4   123	2.5   148	0.5   18	4.2   20
C	MEM   13	19.5   8	53.9   132	74.6   34	1.0   5	13.4   127	4.7   73	1.2   12	1.9   133	3.0   4
SG	ORL   14	23.2   79	44.4   34	79.8   82	2.8   75	6.6   38	4.9   88	1.5   42	0.8   80	3.1   16
C	PHO   15	21.3   21	57.0   145	70.2   13	1.2   13	14.3   136	4.0   37	1.4   32	2.0   139	3.3   1
C	ORL   16	19.4   6	50.0   117	77.4   60	0.6   1	15.1   142	4.2   46	1.3   21	2.3   145	3.0   2
SG	MIN   17	22.1   43	41.1   3	85.9   140	2.9   84	5.6   6	5.1   97	1.5   41	0.7   58	2.6   77
SF	BOS   18	22.4   52	44.1   30	81.0   97	3.0   102	7.9   77	4.1   41	1.3   19	0.7   57	2.6   75
SF	OKC   19	21.4   24	41.9   6	85.0   135	3.1   108	8.2   81	4.4   57	1.6   64	0.6   48	3.3   29
PG	NY   20	22.0   40	44.6   41	78.1   67	3.0   103	5.4   3	9.1   146	1.6   74	0.6   50	3.3   33
SF	PHO   21	22.4   53	45.8   63	77.8   64	3.0   98	6.9   51	4.2   48	1.7   87	0.4   7	2.7   88
PG	PHI   22	23.4   84	46.7   76	79.1   74	2.5   60	6.6   37	8.1   131	1.7   79	0.4   5	3.3   13
SG	HOU   23	22.3   46	44.4   36	75.2   38	3.3   124	5.5   4	4.9   85	1.9   115	0.6   44	2.8   70
C	MIL   24	19.2   5	56.0   142	67.9   3	0.8   4	13.5   128	3.5   10	1.4   29	1.2   107	2.5   135
C	OKC   25	18.4   3	47.8   96	70.8   15	1.5   25	13.6   129	3.3   7	1.4   28	1.6   123	2.9   147
C	BOS   26	19.7   10	48.4   102	74.2   29	1.3   17	14.1   134	3.7   17	0.9   2	1.6   124	2.9   139
PF	PHO   27	20.6   15	45.1   51	76.6   48	2.0   35	9.7   99	4.1   39	1.6   62	1.2   104	2.9   124
SF	TOR   28	21.0   18	43.9   27	82.3   114	2.7   70	8.1   80	4.0   29	1.5   57	1.0   96	2.9   94
C	ATL   29	21.9   38	55.4   140	76.4   46	0.7   2	14.8   140	4.2   47	1.4   30	2.0   140	3.1   3
PF	LAC   30	20.2   14	48.9   106	75.2   37	2.0   36	8.5   86	3.8   20	1.8   95	0.7   67	2.2   125
SG	DEN   31	23.0   71	44.4   37	84.6   131	3.0   100	6.3   29	5.2   104	1.2   11	0.4   14	2.6   90
PF	SA   32	21.6   32	47.4   86	74.6   33	2.4   57	9.0   91	4.5   64	1.4   36	0.9   85	2.9   109
SF	ORL   33	21.5   27	47.5   88	79.4   77	2.5   61	7.4   65	3.5   13	1.7   91	0.8   73	2.1   99
PF	CLE   34	23.5   87	47.1   82	77.1   52	2.1   41	12.0   120	4.5   63	1.5   48	1.1   98	3.1   7
C	MIA   35	21.9   39	58.0   148	77.7   62	1.0   6	15.1   143	4.1   42	1.3   20	1.9   134	3.1   5
C	TOR   36	19.7   9	52.0   124	71.3   18	1.1   8	14.1   133	3.4   8	1.3   26	2.1   142	2.6   131
SF	DAL   37	20.1   12	42.2   8	82.0   111	2.3   50	8.3   82	4.8   78	1.7   83	0.7   71	2.3   112
SG	SA   38	22.5   54	43.0   15	84.0   127	3.2   122	6.3   27	5.2   103	1.4   40	0.6   54	2.7   68
C	CLE   39	20.2   13	50.3   118	75.0   36	1.2   11	15.0   141	3.8   23	2.0   123	1.9   137	3.2   9
SF	PHI   40	22.1   42	45.0   48	77.8   63	2.7   71	8.4   83	4.8   79	1.5   44	0.9   86	2.7   95
PF	IND   41	23.0   73	49.1   108	71.2   17	1.5   24	10.2   104	3.7   19	1.0   3	1.5   118	2.5   146
PF	ORL   42	22.3   45	51.8   123	75.3   39	2.5   62	11.0   114	3.7   16	1.1   7	1.3   111	2.6   100
SG	CHI   43	22.3   48	43.9   24	81.9   107	3.6   141	6.0   17	5.0   96	1.8   100	0.5   35	2.2   52
C	LAL   44	17.6   1	54.2   133	68.0   4	0.7   3	13.1   124	3.5   12	1.7   90	1.5   120	2.9   134
PG	ATL   45	23.5   86	45.7   59	78.9   71	2.8   78	6.1   21	8.1   132	2.0   128	0.5   28	3.7   19
PG	ORL   46	27.9   150	47.6   90	76.0   43	2.9   90	5.9   14	9.1   145	1.6   73	0.3   1	3.5   23
SG	OKC   47	23.7   92	44.4   35	80.6   94	3.8   143	6.6   39	5.0   93	1.4   39	0.6   53	3.2   43
SF	SA   48	22.4   50	46.4   73	77.3   59	2.9   88	7.3   63	4.8   82	1.8   98	0.6   41	2.1   80
SG	CLE   49	22.9   62	43.8   22	83.0   121	3.2   119	6.6   41	5.2   101	1.6   71	0.5   34	2.8   65
SG	DET   50	25.5   136	42.6   12	82.3   113	3.5   137	5.8   12	4.8   83	1.5   43	0.7   60	3.4   40
SF	LAC   51	22.3   49	45.5   56	80.0   86	2.8   79	7.1   59	4.4   59	1.7   84	0.8   72	2.4   93
PF	MIL   52	21.5   29	47.0   80	78.2   68	1.9   32	11.0   115	3.9   26	1.5   54	1.3   112	2.3   121
SF	SAC   53	22.9   63	49.2   109	77.2   56	3.2   123	7.2   61	3.9   25	1.7   94	0.6   40	2.7   69
PF	PHI   54	22.9   66	48.0   100	74.5   32	1.9   31	10.6   109	4.0   34	1.3   22	1.7   126	2.9   120
SF	MIL   55	23.8   94	45.1   50	73.3   26	3.1   109	8.6   88	4.7   75	1.6   65	0.7   59	2.6   74
C	PHI   56	21.5   25	53.6   131	71.8   22	1.4   19	14.4   137	3.1   4	1.4   27	1.9   136	2.3   141
C	NY   57	18.9   4	52.5   127	75.4   40	1.6   27	15.2   144	2.9   1	1.3   24	1.7   127	2.5   149
PF	NO   58	21.5   28	46.4   74	76.9   51	2.5   63	10.6   108	4.1   40	1.5   51	1.9   132	3.0   101
PF	MEM   59	21.5   30	44.4   38	77.1   54	2.2   44	10.4   106	4.0   30	1.9   122	1.3   113	2.5   115
SG	CHA   60	22.5   57	44.9   45	82.5   116	2.9   87	6.8   49	5.4   108	1.7   78	0.5   33	1.9   79
SG	PHI   61	23.8   95	43.9   23	85.5   138	3.3   131	6.5   35	5.7   115	1.4   37	0.5   21	2.7   58
PF	DAL   62	23.6   89	47.0   81	76.8   50	2.1   40	9.5   96	3.5   11	1.6   60	1.1   97	2.2   129
C	BKN   63	21.4   23	58.9   149	77.2   57	1.2   12	14.0   132	3.2   5	1.3   25	2.0   138	2.4   113
SG	MIL   64	23.1   76	46.2   67	78.0   66	3.5   135	7.1   58	4.8   81	1.6   67	0.6   49	2.7   56
PG	DAL   65	23.2   80	42.1   7	85.4   136	2.7   68	7.0   54	8.4   135	2.2   138	0.5   24	3.3   14
PF	MIA   66	22.8   60	48.8   105	73.4   27	2.3   52	11.8   118	3.7   15	1.6   61	1.4   115	2.9   104
PG	MIN   67	25.1   128	44.5   39	80.6   93	2.8   76	7.2   62	8.3   134	1.8   103	0.4   9	3.6   17
C	SA   68	21.6   31	49.7   116	71.4   19	1.2   14	13.7   130	4.7   72	1.3   14	1.8   130	2.6   136
C	GS   69	21.4   22	54.7   135	72.7   25	1.1   7	15.3   147	4.4   54	1.2   10	1.9   135	2.3   130
SF	GS   70	21.8   36	44.8   44	88.7   149	2.4   59	7.9   74	4.2   44	1.9   118	0.5   31	2.9   111
PF	ATL   71	22.1   41	47.7   94	75.4   41	2.1   38	11.7   116	4.5   62	1.5   47	1.2   102	2.2   127
PF	BOS   72	23.9   101	49.3   110	79.1   73	2.9   95	9.5   97	3.1   2	0.9   1	1.2   105	2.3   85
SF	CHA   73	21.7   33	46.7   78	80.8   96	2.4   58	7.1   60	4.5   60	1.7   85	0.9   90	2.6   110
C	HOU   74	22.3   47	54.8   137	69.6   10	1.1   9	11.7   117	4.0   36	1.5   56	1.8   131	2.3   132
PG	PHO   75	24.1   110	44.0   28	86.4   144	2.8   77	6.4   31	7.2   122	2.1   134	0.4   11	3.9   18
SG	TOR   76	23.1   75	42.6   11	86.3   142	3.3   128	6.2   22	5.3   106	2.0   126	0.5   32	3.2   36
SG	MIA   77	23.9   97	41.9   5	84.6   132	3.6   142	6.9   53	5.3   107	1.4   38	0.6   52	3.0   53
PF	MIN   78	23.1   77	51.7   122	78.3   69	2.3   54	10.6   110	3.2   6	1.5   52	0.9   84	2.8   106
C	DEN   79	23.1   74	55.6   141	68.8   7	1.6   26	13.2   126	3.8   21	1.3   23	1.5   119	2.4   148
SG	GS   80	23.9   98	46.0   66	81.7   106	2.9   85	6.5   34	5.7   114	2.0   129	0.5   29	3.1   24
C	MIN   81	22.9   68	52.8   129	70.0   12	1.4   18	13.2   125	4.6   69	1.2   9	1.5   117	2.9   140
SG	IND   82	24.0   104	46.0   65	80.4   92	3.2   118	7.6   70	4.9   86	1.6   68	0.5   22	2.4   64
SG	PHO   83	23.9   99	46.4   72	81.9   109	3.1   107	6.4   33	5.2   105	1.6   70	0.7   70	3.5   28
SF	HOU   84	22.8   61	45.7   61	84.5   129	2.6   65	6.8   50	4.0   38	2.2   140	0.6   47	2.4   103
PG	DEN   85	23.6   90	45.5   54	79.5   79	3.3   126	5.1   2	8.7   139	1.9   109	0.6   37	2.4   59
SF	POR   86	21.5   26	43.8   21	82.0   110	2.1   37	9.1   92	4.6   66	2.2   141	0.8   77	2.3   126
PF	TOR   87	22.9   69	51.4   120	76.1   45	2.2   46	10.8   112	4.3   49	1.4   31	1.3   108	3.0   117
C	IND   88	23.3   83	57.8   147	68.4   5	1.1   10	15.2   145	4.5   65	1.0   4	1.3   110	2.7   133
C	POR   89	25.2   132	56.9   144	70.7   14	1.6   29	14.4   138	4.0   35	1.5   55	3.3   150	3.1   6
SG	MEM   90	24.1   109	43.9   25	77.1   55	4.0   149	6.8   46	5.0   94	1.9   113	0.7   65	2.7   47
PF	DET   91	22.4   51	43.4   19	82.7   119	2.7   73	10.0   102	4.0   32	1.7   88	1.6   122	2.8   97
PG	GS   92	24.1   105	44.9   46	79.9   84	3.0   104	6.2   23	7.5   124	2.1   137	0.6   46	3.5   34
SG	LAL   93	24.4   117	45.6   57	83.6   126	3.2   116	6.6   40	6.5   119	1.6   72	0.4   4	2.8   62
PG	CLE   94	25.9   142	44.8   43	80.1   87	3.6   139	5.9   13	8.8   144	1.8   104	0.3   3	3.5   42
PF	NY   95	24.1   106	49.4   114	74.4   31	2.2   47	10.9   113	4.5   61	1.3   18	1.3   109	2.7   118
SG	POR   96	24.2   113	44.5   40	84.1   128	3.2   115	6.1   18	5.4   109	2.4   147	0.5   17	3.4   32
C	UTA   97	22.7   59	57.8   146	65.8   1	1.4   20	13.9   131	3.8   22	1.5   53	2.4   146	2.2   142
SG	BKN   98	23.3   82	46.6   75	79.9   83	3.2   120	6.5   36	5.8   116	1.9   108	0.6   36	2.9   66
PG	IND   99	25.2   130	45.4   53	84.7   133	2.3   51	6.8   48	7.8   128	2.0   127	0.6   43	3.1   12
C	DET   100	17.9   2	52.3   125	79.5   78	1.4   21	12.8   122	3.1   3	1.7   93	2.1   143	2.9   143
PG	NO   101	24.1   111	42.5   10	86.4   143	3.0   101	6.4   32	9.6   150	2.0   132	0.5   27	3.2   26
PG	TOR   102	24.4   120	44.3   32	83.3   123	2.9   82	6.1   19	7.6   126	2.0   131	0.8   76	3.0   25
SF	IND   103	23.5   85	48.5   103	80.4   91	2.8   74	9.2   94	4.3   50	1.6   63	0.9   82	2.7   98
PG	CHI   104	24.7   124	43.9   26	81.5   102	2.9   86	6.0   15	8.7   141	2.3   144	0.5   26	2.9   78
PG	LAC   105	24.5   122	43.2   18	82.6   118	3.0   106	6.1   20	8.2   133	2.1   136	0.7   63	3.2   27
SG	NY   106	25.2   131	45.9   64	83.1   122	3.6   140	6.0   16	4.9   84	1.8   99	0.6   42	2.5   51
SG	WAS   107	23.7   91	44.6   42	81.1   98	3.8   144	6.3   28	6.0   117	2.1   135	0.6   45	2.3   50
PG	SAC   108	23.7   93	45.7   60	87.9   147	2.8   80	5.6   7	8.5   137	2.3   143	0.7   62	3.1   21
C	CHI   109	22.6   58	54.2   134	71.2   16	1.7   30	14.6   139	4.4   58	1.5   49	2.8   148	2.1   119
SF	BKN   110	22.9   64	47.6   92	81.5   103	2.7   72	7.9   78	4.2   43	1.9   117	0.9   87	2.3   96
SG	NO   111	25.9   140	48.5   104	79.7   81	4.1   150	6.8   47	5.7   113	1.3   16	0.6   55	3.2   46
PF	LAL   112	22.9   65	51.6   121	76.6   47	2.9   92	9.2   93	4.8   80	1.7   82	0.9   92	2.4   82
PG	MEM   113	26.6   147	47.4   85	80.1   88	3.5   138	6.8   45	8.0   129	1.7   80	0.3   2	3.6   41
SF	UTA   114	24.1   107	49.1   107	79.6   80	2.9   83	7.5   68	5.6   112	1.7   75	0.6   51	2.0   76
PF	BKN   115	24.6   123	52.8   130	74.2   30	2.0   33	10.6   111	4.7   71	1.5   46	1.0   95	2.7   122
PF	POR   116	22.9   67	47.9   97	76.1   44	2.3   55	9.3   95	4.3   51	1.9   119	1.7   129	2.7   107
SF	DEN   117	24.0   103	45.1   49	82.6   117	3.1   112	7.8   72	4.9   87	1.6   69	0.9   83	1.8   72
SG	DAL   118	24.4   121	45.4   52	79.3   76	2.9   81	7.9   73	5.0   95	1.9   114	0.7   66	2.2   91
PG	LAL   119	24.4   118	47.5   89	81.6   104	3.2   114	4.8   1	9.3   148	2.7   150	0.4   15	3.8   31
C	LAC   120	21.0   17	52.3   126	80.1   90	1.5   23	14.1   135	3.7   18	1.7   89	1.7   128	2.2   145
PF	SAC   121	24.4   119	49.4   113	80.1   89	2.2   43	9.5   98	4.6   67	1.4   35	1.0   94	2.4   114
PF	DEN   122	23.3   81	47.8   95	73.4   28	2.2   45	9.9   101	4.9   90	1.8   102	1.3   114	2.4   116
SF	MIA   123	23.6   88	46.9   79	79.2   75	2.9   94	8.5   85	4.4   56	1.9   116	1.1   99	2.8   84
C	CHA   124	24.1   108	54.7   136	71.6   21	2.4   56	12.0   121	4.7   70	1.4   34	1.6   125	2.5   108
SF	LAL   125	26.6   146	47.9   98	81.9   108	3.4   133	7.4   67	3.6   14	1.7   92	0.7   68	2.9   54
SF	WAS   126	22.9   70	45.7   62	88.9   150	3.1   113	8.8   90	4.2   45	1.7   86	0.9   91	1.6   73
SF	CLE   127	23.0   72	47.4   87	82.8   120	2.9   93	8.4   84	4.4   55	1.8   96	1.0   93	2.8   83
SG	SAC   128	24.2   112	45.5   55	81.1   100	3.3   127	7.4   66	6.5   120	1.8   106	0.6   39	2.9   60
SF	CHI   129	23.8   96	48.0   99	77.9   65	3.0   97	8.6   87	4.7   74	1.8   97	0.9   88	2.6   87
PG	CHA   130	24.2   114	46.2   68	84.6   130	3.0   99	5.7   8	8.4   136	2.2   139	0.4   12	2.8   89
PF	CHA   131	24.7   126	52.7   128	78.9   72	2.6   64	9.9   100	4.9   89	1.3   15	1.2   106	2.5   102
PG	POR   132	25.3   133	47.3   83	87.9   148	2.9   89	6.3   30	8.0   130	2.5   149	0.5   19	3.0   22
C	WAS   133	23.9   100	55.3   138	69.2   8	1.6   28	16.1   150	4.3   53	1.4   33	3.1   149	2.6   150
SG	LAC   134	24.7   125	47.4   84	80.8   95	3.9   147	7.0   56	5.6   111	1.8   105	0.6   38	2.6   49
PG	MIA   135	24.2   115	41.0   2	87.1   145	3.3   125	6.7   43	9.4   149	2.1   133	0.7   64	3.7   35
PG	MIL   136	25.9   141	44.1   29	85.7   139	3.3   129	6.2   25	9.1   147	2.2   142	0.5   25	3.2   37
PF	CHI   137	27.7   149	49.3   111	77.3   58	2.3   53	11.9   119	4.6   68	1.5   45	1.5   116	2.1   105
C	NO   138	24.3   116	56.4   143	75.0   35	1.2   15	15.4   148	4.8   77	1.2   13	2.2   144	2.6   137
SG	UTA   139	25.6   137	46.3   70	81.5   101	3.8   146	7.0   55	6.3   118	1.7   76	0.8   79	2.5   48
PG	SA   140	25.5   135	47.6   91	82.3   115	3.2   117	6.9   52	7.5   125	2.0   130	0.4   10	2.8   63
SF	MEM   141	23.9   102	47.7   93	83.4   125	2.9   91	8.0   79	5.1   99	1.8   101	0.9   89	2.6   81
SF	ATL   142	24.9   127	45.7   58	84.7   134	3.0   105	8.8   89	4.9   91	2.0   124	0.8   74	2.6   61
SF	NO   143	25.4   134	50.5   119	76.8   49	3.4   134	7.6   71	5.1   98	1.9   112	1.1   100	2.1   55
C	DAL   144	25.1   129	55.4   139	69.9   11	1.4   22	15.3   146	4.7   76	1.6   66	2.0   141	2.7   144
PF	WAS   145	26.1   143	49.3   112	72.6   24	2.0   34	13.0   123	4.9   92	2.0   125	1.2   101	2.7   123
PG	UTA   146	26.3   145	46.4   71	85.4   137	3.9   148	6.3   26	8.8   143	2.3   146	0.5   16	3.3   45
SG	ATL   147	25.7   138	48.1   101	83.3   124	3.8   145	7.1   57	5.5   110	1.9   107	0.7   69	3.1   44
PF	UTA   148	26.2   144	49.5   115	77.1   53	2.9   96	10.2   105	5.2   100	1.7   81	1.5   121	2.7   86
PG	WAS   149	26.9   148	44.2   31	87.3   146	3.2   121	6.7   44	8.7   142	2.3   145	0.7   61	2.5   67
C	SAC   150	25.7   139	61.0   150	66.5   2	1.3   16	16.0   149	4.3   52	1.9   120	2.4   147	3.0   138
Follow us on X/Twitter  @hashtbasketball
© 2014-2025 Hashtag Basketball
Terms & Conditions
Privacy & Cookie Policy
Contact Us

