Team Defense (data last updated 1-1-26):

| Rank | Team                   | GP |  W |  L |  MIN | DEF RTG | DREB | DREB% |  STL | BLK | OPP PTS OFF TOV | OPP PTS 2ND CHANCE | OPP PTS FB | OPP PTS PAINT |
| ---: | ---------------------- | -: | -: | -: | ---: | ------: | ---: | ----: | ---: | --: | --------------: | -----------------: | ---------: | ------------: |
|    1 | Oklahoma City Thunder  | 34 | 29 |  5 | 48.6 |   104.5 | 35.2 |  71.2 | 10.4 | 5.5 |            15.5 |               13.1 |       11.4 |          39.1 |
|    2 | Detroit Pistons        | 33 | 25 |  8 | 48.3 |   110.7 | 32.6 |  68.6 | 10.1 | 6.2 |            17.5 |               15.2 |       14.2 |          43.6 |
|    3 | San Antonio Spurs      | 33 | 24 |  9 | 48.2 |   112.8 | 34.5 |  71.9 |  8.1 | 4.7 |            16.3 |               13.3 |       13.0 |          47.3 |
|    4 | Denver Nuggets         | 33 | 23 | 10 | 48.5 |   116.4 | 33.8 |  71.0 |  7.1 | 3.8 |            17.4 |               13.5 |       15.6 |          50.4 |
|    4 | New York Knicks        | 33 | 23 | 10 | 48.0 |   115.2 | 32.5 |  70.3 |  8.2 | 4.2 |            17.7 |               14.8 |       14.7 |          45.4 |
|    6 | Minnesota Timberwolves | 34 | 21 | 13 | 48.4 |   112.7 | 33.0 |  69.0 |  8.5 | 5.4 |            17.1 |               14.3 |       13.6 |          50.3 |
|    7 | Boston Celtics         | 32 | 20 | 12 | 48.0 |   114.3 | 31.3 |  67.0 |  8.3 | 5.4 |            14.8 |               16.3 |       13.1 |          41.1 |
|    7 | Houston Rockets        | 30 | 20 | 10 | 49.0 |   112.9 | 32.7 |  70.1 |  8.8 | 5.6 |            19.5 |               16.3 |       13.8 |          48.3 |
|    7 | Los Angeles Lakers     | 31 | 20 | 11 | 48.0 |   117.8 | 30.8 |  69.3 |  8.3 | 4.0 |            20.4 |               14.4 |       16.1 |          49.6 |
|    7 | Toronto Raptors        | 35 | 20 | 15 | 48.3 |   112.5 | 31.9 |  69.1 |  8.6 | 4.4 |            17.4 |               15.0 |       12.9 |          47.6 |
|   11 | Cleveland Cavaliers    | 35 | 19 | 16 | 48.3 |   113.9 | 32.4 |  68.3 |  8.9 | 5.0 |            17.9 |               14.7 |       16.5 |          47.9 |
|   11 | Orlando Magic          | 34 | 19 | 15 | 48.3 |   113.1 | 33.0 |  70.8 |  8.2 | 5.2 |            15.9 |               13.5 |       16.4 |          52.6 |
|   11 | Phoenix Suns           | 33 | 19 | 14 | 48.2 |   113.6 | 30.0 |  68.1 | 10.7 | 4.2 |            20.5 |               15.2 |       14.1 |          49.6 |
|   14 | Golden State Warriors  | 34 | 18 | 16 | 48.3 |   111.8 | 32.1 |  67.8 |  9.6 | 4.5 |            20.5 |               15.3 |       15.8 |          51.3 |
|   14 | Miami Heat             | 33 | 18 | 15 | 48.2 |   112.2 | 34.8 |  69.2 |  9.1 | 4.5 |            16.8 |               16.3 |       15.1 |          52.1 |
|   16 | Philadelphia 76ers     | 31 | 17 | 14 | 48.8 |   113.9 | 32.0 |  68.2 |  8.4 | 5.9 |            17.6 |               15.0 |       17.4 |          51.0 |
|   17 | Atlanta Hawks          | 35 | 16 | 19 | 48.3 |   115.8 | 31.6 |  67.9 |  9.1 | 4.9 |            18.4 |               16.2 |       16.2 |          53.2 |
|   17 | Chicago Bulls          | 33 | 16 | 17 | 48.3 |   117.4 | 35.0 |  71.2 |  7.6 | 4.8 |            17.8 |               16.2 |       15.4 |          54.4 |
|   19 | Memphis Grizzlies      | 33 | 15 | 18 | 48.3 |   113.9 | 34.7 |  70.8 |  7.9 | 5.1 |            18.8 |               16.1 |       13.7 |          48.2 |
|   20 | Milwaukee Bucks        | 34 | 14 | 20 | 48.3 |   115.9 | 31.9 |  68.4 |  8.0 | 4.2 |            18.2 |               13.9 |       15.1 |          46.2 |
|   20 | Portland Trail Blazers | 34 | 14 | 20 | 48.3 |   116.3 | 31.2 |  68.1 |  8.1 | 4.9 |            22.0 |               15.4 |       16.9 |          51.8 |
|   22 | Dallas Mavericks       | 34 | 12 | 22 | 48.7 |   113.2 | 34.4 |  68.7 |  7.8 | 6.1 |            18.6 |               15.8 |       14.8 |          55.8 |
|   22 | Utah Jazz              | 32 | 12 | 20 | 48.8 |   121.5 | 32.8 |  70.1 |  7.6 | 3.4 |            19.8 |               16.3 |       16.1 |          52.4 |
|   24 | Charlotte Hornets      | 33 | 11 | 22 | 48.5 |   118.1 | 32.5 |  71.6 |  7.1 | 4.8 |            19.3 |               14.9 |       16.3 |          53.5 |
|   24 | LA Clippers            | 32 | 11 | 21 | 48.3 |   117.0 | 31.0 |  68.4 |  8.7 | 4.7 |            20.0 |               15.2 |       16.4 |          48.3 |
|   26 | Brooklyn Nets          | 30 | 10 | 20 | 48.0 |   116.1 | 29.6 |  68.6 |  7.4 | 4.2 |            19.3 |               14.2 |       17.2 |          52.7 |
|   27 | New Orleans Pelicans   | 35 |  8 | 27 | 48.6 |   119.4 | 30.8 |  67.3 |  9.0 | 3.9 |            18.2 |               16.5 |       17.1 |          54.6 |
|   27 | Sacramento Kings       | 33 |  8 | 25 | 48.5 |   119.5 | 30.6 |  67.0 |  9.2 | 4.4 |            17.7 |               16.9 |       14.7 |          55.5 |
|   27 | Washington Wizards     | 32 |  8 | 24 | 48.3 |   121.7 | 32.8 |  66.0 |  6.8 | 6.0 |            20.7 |               18.2 |       16.3 |          52.6 |
|   30 | Indiana Pacers         | 34 |  6 | 28 | 48.3 |   116.7 | 31.5 |  68.2 |  7.2 | 5.2 |            17.9 |               15.8 |       14.7 |          53.3 |